date					  L		 MLT     mnsep	  dL	   dMLT   col	sur	  EMFb   B1b   B2b  7E4	 7E5  7E6  7B4  7B5	7B6  13E7 13E8 13E9 13E10 13E11	13E12 13B7 13B8	13B9 13B10 13B11 13B12
2015-06-11/19:26:50      5.8     18.6    1.987    0.339    1.340   722     0   779     0     0    0    0    0   45    7    3    0    0    0    0    0    0    0    0    0    0    0    0
2015-08-25/07:51:07      5.2     17.3    1.063    0.290    0.777    88     0   719     0     0    0    0    0    6    2    4    0    0    0    0    0    0    0    0    0    0    0    0
2015-11-18/09:52:16      5.8     13.0    0.285    0.130    0.170    41     0   265     0     0    0    0    0   39   10    8    0    0    0    0    0    0    0    0    0    0    0    0
2015-12-03/15:44:23      5.7     11.5    0.510   -0.093    0.336   337     0   289     0     0    0    0    0   30   41    3    0    0    0    0    0    0    0    0    0    0    0    0
2015-12-12/14:25:26      5.5     11.0    1.186    0.484    0.794    53     0   292     0     7    0    2    1    9   91   32    0    0    0    0    0    0    0    0    0    0    0    0
2016-01-14/19:03:39      5.2      9.8    0.994   -0.193    0.707    97     0   517     0    75    1    2   11    6    6   47    0    0    0    0    0    0    0    0    0    0    0    0
2016-01-20/19:43:19      5.8     10.7    0.388    0.006    0.257    64     0   290     0     7    1   11    6  158  665   29    0    0    0    0    0    0    0    0    0    0    0    0
2016-01-21/22:42:50      5.9     10.7    0.686    0.027    0.442  1048     0   910     0   190    2   29    3   71 1131   34    0    0    0    0    0    0    0    0    0    0    0    0
2016-01-22/00:17:04      5.6     11.9    1.919    0.269    1.331   462     0   205     0    39    0   26    6    7  798   69    0    0    0    0    0    0    0    0    0    0    0    0
2016-08-13/23:54:54      4.6      1.6    0.128   -0.003    0.107   244     0   133     0     0    0    0    0    9   29   19    0    0    0    0    0    0    0    0    0    0    0    0
2016-08-14/00:27:24      5.1      2.1    0.686    0.057    0.519    26     0   384     0     0    0    0    0   14   18   13    0    0    0    0    0    0    0    0    0    0    0    0
2016-08-14/08:20:03      3.9      0.9    0.936    0.389    0.872   197     0   146     0    35    0    0    3   27   26   14    0    0    0    0    0    0    0    0    0    0    0    0
2016-08-21/20:49:40      5.4      2.2    0.243   -0.008    0.173    26     0   292     0    59    0    0    8    6  316   25    0    0    0    0    0    0    0    0    0    0    0    0
2016-08-24/20:15:35      5.2      1.9    1.028   -0.944    0.273    30     0   397     0     0    0    0    0   13  191   23    0    0    0    0    0    0    0    0    0    0    0    0
2016-08-24/20:47:11      5.2      1.9    1.028   -0.944    0.273    30     0   433     0     0    1    1   26    3  224   23    0    0    0    0    0    0    0    0    0    0    0    0
2016-08-28/22:38:23      5.2      1.7    0.141    0.008    0.104    55     0   695     0     0    0    0    0    3   10    4    0    0    0    0    0    0    0    0    0    0    0    0
2016-08-28/23:11:35      5.2      1.7    0.141    0.008    0.104    55     0   921     0     0    0    0    0    3    3    3    0    0    0    0    0    0    0    0    0    0    0    0
2016-08-30/01:34:50      5.3      1.7    0.038    0.003    0.027   533     0   397  2958     0    0    0    0   64  191    9    0    0    0    0    0    0    0    0    0    0    0    0
2016-08-30/03:08:16      5.7      2.2    0.731    0.064    0.494   193     0   421  5356     0    0    0    0   64  124    3    0    0    0    0    0    0    0    0    0    0    0    0
2016-08-30/19:38:06      5.3      1.8    1.069    0.192    0.769    66     0   276     0    35    0    2   11   14  382  210    0    0    0    0    0    0    0    0    0    0    0    0
2017-07-01/07:22:19      5.0     17.2    0.532    0.008    0.405   220     0   290     0     0    0    0    0   15    5    4    0    0    0    0    0    0    0    0    0    0    0    0
2017-07-02/10:18:09      5.0     17.3    0.425    0.061    0.325    51     0   337     0     0    0    0    0   39   19   13    0    0    0    0    0    0    0    0    0    0    0    0
2017-07-02/15:09:11      5.0     14.4    0.771   -0.555    0.391    28     0   360     0    19    0    0   10   14    2   16    0    0    0    0    0    0    0    0    0    0    0    0
2017-07-03/14:20:31      3.3     18.6    0.505    0.150    0.572    11     0   707     0     0    0    0    2   33   31   36    0    0    0    0    0    0    0    0    0    0    0    0
2017-07-06/12:34:32      5.1     16.9    0.921    0.357    0.661    15     0   278     0     0    0    0    0   41   23   22    0    0    0    0    0    0    0    0    0    0    0    0
2017-07-09/11:52:32      5.4     16.6    0.103    0.024    0.071    20     0   302  4546     0    0    0    0   87   10    6    0    0    0    0    0    0    0    0    0    0    0    0
2017-07-09/18:20:14      5.6     15.0    0.588    0.431    0.282    73     0   290     5     0    0    1    0   56   91    7    0    0    0    0    0    0    0    0    0    0    0    0
2017-07-09/19:55:16      5.8     16.0    1.037    0.590    0.598    25     0   290  4353     0    0    0    0   56   91    3    0    0    0    0    0    0    0    0    0    0    0    0
2017-07-09/21:29:02      4.8     17.1    0.978    0.409    0.736    60     0   290  6178     0    0    0    0   66   22    4    0    0    0    0    0    0    0    0    0    0    0    0
2017-07-11/09:48:11      4.1     17.5    0.282    0.035    0.260    97     0  1173  2298     0    0    0    0   43   16   14    0    0    0    0    0    0    0    0    0    0    0    0
2017-07-11/14:39:32      5.4     14.6    0.638   -0.478    0.285   197     0   230     0     0    0    0    0   32    3    4    0    0    0    0    0    0    0    0    0    0    0    0
2017-07-11/16:15:29      5.8     15.6    1.226    0.985    0.532    21     0   314     0     0    0    0    0   43   33    4    0    0    0    0    0    0    0    0    0    0    0    0
2017-07-12/19:13:52      5.8     15.7    1.131    0.754    0.594    48     0   361     0     0    0    0    0   60   56    4    0    0    0    0    0    0    0    0    0    0    0    0
2017-07-16/15:01:24      4.2     17.2    1.151    0.631    0.947    55     0   361     0    19    2    0    2   60   12   13    0    0    0    0    0    0    0    0    0    0    0    0
2017-07-16/23:02:26      5.3     16.4    0.769   -0.094    0.547  3764     0   444     0     0    1    0    0  129   47    3    0    0    0    0    0    0    0    0    0    0    0    0
2017-07-17/14:51:20      5.8     15.0    0.060   -0.044    0.027  2624     0   492  5899     0    0    0    0   28   15    7    0    0    0    0    0    0    0    0    0    0    0    0
2017-07-21/17:08:29      5.7     14.7    0.498    0.414    0.191   271     0   480     0    59    0    4    1 1203 2130 2107    0    0    0    0    0    0    0    0    0    0    0    0
2017-07-21/18:43:52      5.7     15.7    1.147    0.844    0.569   240     0   469     0    15    0    3    1   16  133   39    0    0    0    0    0    0    0    0    0    0    0    0
2017-07-22/20:05:42      5.8     14.8    0.564   -0.290    0.310   166     0   482     0    59    0    5    2    7  332   36    0    0    0    0    0    0    0    0    0    0    0    0
2017-07-22/21:40:19      5.7     15.7    0.599   -0.186    0.378   157     0   481     0    47    0    5    0    4  332   10    0    0    0    0    0    0    0    0    0    0    0    0
2017-11-21/00:52:16      5.6      9.5    0.769   -0.056    0.521   575     0   289     0    63    0    3   13  108  174   52    0    0    0    0    0    0    0    0    0    0    0    0
2017-11-21/07:41:51      3.8      7.5    1.171   -0.485    1.023    11     0   266  1081    71    0    1   29   10   20   98    0    0    0    0    0    0    0    0    0    0    0    0
2017-11-21/19:47:44      6.1     10.2    0.893    0.513    0.480   417     0  2234  7127    83    1   20    0   75  665   23    0    0    0    0    0    0    0    0    0    0    0    0
2017-11-22/10:35:59      4.0      7.5    0.650   -0.021    0.616    42     0   266     0     0    0    1    6   52   37   75    0    0    0    0    0    0    0    0    0    0    0    0
2017-11-22/13:09:23      6.3      9.8    0.953    0.440    0.531   148     0   302     0   138    2   15    1   58  282    8    0    0    0    0    0    0    0    0    0    0    0    0
2017-11-22/22:46:57      5.8     10.2    0.944   -0.162    0.603    61     0   290     0     7    0    9    3    8  241   23    0    0    0    0    0    0    0    0    0    0    0    0
2017-11-24/00:08:16      5.4      9.1    0.071    0.014    0.049    31     0   169     0    31    1    1    8    2    5   20    0    0    0    0    0    0    0    0    0    0    0    0
2017-11-25/22:02:20      5.8      9.9    0.061    0.018    0.038    20     0   290     0   142    0    1    1  869 1997 1791    0    0    0    0    0    0    0    0    0    0    0    0
2017-11-28/11:42:12      6.0      9.1    0.918    0.298    0.570   335     0   480     0   261    0    7    1   24  316    9    0    0    0    0    0    0    0    0    0    0    0    0
2017-11-28/14:51:02      5.3     11.6    0.843   -0.430    0.503   293     0   481     0    23    2    3    2   48  108   36    0    0    0    0    0    0    0    0    0    0    0    0
2017-12-04/11:48:49      6.2      9.5    0.446    0.143    0.264   342     0   504     0    51    0    1    1  129   99   12    0    0    0    0    0    0    0    0    0    0    0    0
2017-12-04/21:24:20      5.8      9.9    0.401    0.157    0.245    51     0   361     0     7    0    6    5    4  199   41    0    0    0    0    0    0    0    0    0    0    0    0
2017-12-05/16:18:36      5.9     10.7    1.059    0.697    0.548   122     0   405     0    67    6   29    7   22  599   95    0    0    0    0    0    0    0    0    0    0    0    0
2017-12-05/22:46:12      5.5      8.8    1.203    0.409    0.812  1426     0   481     0    47    1    9    6    7  382   47    0    0    0    0    0    0    0    0    0    0    0    0
2017-12-06/07:13:19      5.3      8.4    0.333    0.010    0.238    38     0   421     0     7    0    5    5   31  149   27    0    0    0    0    0    0    0    0    0    0    0    0
2017-12-07/01:42:20      5.6      8.8    0.161    0.026    0.109   113     0   493     0     0    0    1    7    8   10   39    0    0    0    0    0    0    0    0    0    0    0    0
2017-12-07/20:39:20      5.9      9.6    1.377    0.718    0.813   182     0     3     0   142    0   15    1   20  565   29    0    0    0    0    0    0    0    0    0    0    0    0
2017-12-10/09:23:29      5.3      8.0    0.750    0.027    0.543    13     0   361     0     0    0    0    0   31    4    3    0    0    0    0    0    0    0    0    0    0    0    0
2018-02-26/12:09:20      4.9      8.4    0.501   -0.026    0.387    11     0   349     0     0    0    2    3   33   11    6    0    0    0    0    0    0    0    0    0    0    0    0
2018-02-26/18:31:49      5.7      6.3    0.338   -0.136    0.203    22     0   432     0    19    1    7    7    6   14   29    0    0    0    0    0    0    0    0    0    0    0    0
2018-02-27/06:39:26      4.4      9.0    0.353    0.030    0.305    68     0   397     0    19    0   19   53  108  665   98    0    0    0    0    0    0    0    0    0    0    0    0
2018-03-01/19:22:12      5.8      7.1    0.825    0.366    0.507    20     0   302     0    67    2    9    2   96  765   23    0    0    0    0    0    0    0    0    0    0    0    0
2018-03-03/09:20:02      4.0      9.1    0.274   -0.003    0.259    13     0   124     0     0    0    0    0   28   32    9    0    0    0    0    0    0    0    0    0    0    0    0
2018-03-04/12:13:08      3.9      9.1    0.215    0.025    0.207    11     0   158     0     0    0    0    0   35   23   17    0    0    0    0    0    0    0    0    0    0    0    0
2018-03-29/18:39:02      5.9      6.0    1.639   -0.469    0.976   260     0   337     0     0    0    0    0    1    1    3    0    0    0    0    0    0    0    0    0    0    0    0
2018-03-29/20:13:57      5.0      7.3    0.136    0.056    0.094   262     0   373     0     0    0    0    0    3    1    6    0    0    0    0    0    0    0    0    0    0    0    0
2018-04-20/20:58:11      4.4      7.3    0.811   -0.215    0.666    84     0   278     0    43    0    0    0    0    0    0    0    0    0    1    4    5   69  158  235  366  352  197
2018-04-23/20:12:32      4.9      6.7    1.410   -0.344    1.039   108     0   338  1698    11    0    0    0    0    0    0    0    0    0    3    1    0   49   66   64  216   88   55
2018-05-03/22:24:32      4.2      7.0    1.540   -0.261    1.339    60     0   290     0    39    0    0    0    0    0    0    0    0    0    0    0    1   28   33   43   49   41   21
2018-05-11/18:43:59      3.3      7.3    1.423   -0.274    1.546   186     0   230     0    59    0    0    0    0    0    0    0    0    0    0    0    6   27   66   47   19   24   37
2018-08-03/10:27:11      4.2     22.7    0.790    0.057    0.727    77     0   266     0    99    0    0    0    0    0    0    2    1    0    0    5    4   14   16   11   18   82   59
2018-08-04/03:55:28      3.3     21.9    0.409   -0.088    0.458   124     0   230     0     0    0    0    0    0    0    0    0    0    0    0    0    3   21   17   18   22   44   44
2018-08-06/10:44:02      4.9     23.4    0.031   -0.001    0.024    17     0   337     0     0    0    0    0    0    0    0    0    0    0    0    0    0    3    4   10   31   23   47
2018-08-07/15:11:06      6.1      0.7    0.629   -0.001    0.396    13     0   421   337    95    0    0    0    0    0    0    2    1    6    4    1    2    3    3   50   83   15    6
2018-08-07/16:46:11      5.8      1.8    1.478    0.019    0.972    11     0   349   650     3    0    0    0    0    0    0    0    0    0    1    4    3    2    1    5   23   19    9
2018-08-08/07:37:37      4.9     23.5    0.326    0.033    0.254    17     0   421   742     0    0    0    0    0    0    0    0    0    0    0    0    0   22   29   25   33   15   13
2018-08-08/08:38:47      5.6      0.3    1.085    0.080    0.749    11     0   505   697     3    0    0    0    0    0    0    0    0    0    0    0    1   22   29   25   87   52   11
2018-08-09/03:37:21      5.8      1.0    1.023   -0.540    0.548    11     0   360   304    11    0    0    0    0    0    0    1    0    0    0    0    0    2    3    4   19   11    4
2018-08-09/09:57:57      4.5     22.9    0.670    0.051    0.571    13     0   350     0     0    0    0    0    0    0    0    0    0    0    0    0    0   19   15   18   20   16    8
2018-08-10/21:18:16      3.9     22.2    0.218    0.128    0.178    35     0   493     0     0    0    0    0    0    0    0    0    0    0    0    1    4   11   19    9    9   23   51
2018-08-11/01:30:01      5.5      1.8    1.167   -0.584    0.667    11     0   831     0     0    0    0    0    0    0    0    0    0    0    0    0    0    5    4    3   11   37   10
2018-08-11/17:18:24      6.0      0.3    1.127    0.238    0.715     8     0   361     0     0    0    0    0    0    0    0    2    1    2    4    2    1    8   31   89   58   14    6
2018-08-12/00:15:03      3.9     22.3    0.799    0.116    0.787    22     0   288     0     0    0    0    0    0    0    0    0    0    0    0    0    0   58   17    7    3    7    4
2018-08-12/11:17:11      5.7      0.3    1.151    0.108    0.774    57     0   420     0     0    0    0    0    0    0    0    0    0    2    8    2   14   36  234  651  698  154   16
2018-08-13/05:46:11      5.8      0.7    0.410   -0.030    0.268    11     0   349     0     0    0    0    0    0    0    0    0    0    9   20    5    2    5    5   30  249   82    9
2018-08-13/20:31:02      3.2     21.3    1.133   -0.920    0.693    18     0   218     0     0    0    0    0    0    0    0    0    0    0    0    1    1   56   45   56   83   52   32
2018-08-17/01:31:23      4.9      2.2    0.028   -0.007    0.021     9     0   539     0     0    0    0    0    0    0    0    0    0    0    0    0    3    4    3    3   35  121   46
2018-08-17/16:16:59      5.9     23.9    1.518    0.372    0.989   286     0   862     0     0    0    0    0    0    0    0    0    0    0    0    0    0   99   96   64   39   15    6
2018-09-18/04:14:11      3.9      2.3    0.634   -0.129    0.591    13     0   302     0     0    0    0    0    0    0    0    0    0    0    1    3    3   11   25   67   70   60  111
2018-09-19/02:58:49      5.7     22.9    1.402    0.659    0.889   140     0   290     0     0    0    0    0    0    0    0    0    0    0    0    0    0    5    8   58   99   16   15
2018-09-21/03:25:17      4.5      1.7    0.676    0.295    0.535    13     0   635     0     0    0    0    0    0    0    0    0    0    0    0    0    0   15   13   14   20   12   44
2018-09-21/11:19:04      5.3      0.7    0.360    0.019    0.259   140     0   433     0     0    0    0    0    0    0    0    0    0    0    0    0    0   22    8    3   14    8   15
2018-09-22/13:09:02      5.8     23.9    0.777    0.036    0.517    77     0   367     0     0    0    0    0    0    0    0    2    2   10   32   22   46   27   30  404  898  286   46
2018-09-22/14:11:59      5.3      0.6    0.170    0.009    0.123  1226     0   370     0     0    0    0    0    0    0    0    3    3    9   32   28   46   21   30  404  898  441  111
2018-09-22/14:42:50      5.3      0.6    0.170    0.009    0.123  1226     0   380     0     0    0    0    0    0    0    0    3    3    9   32   28   46   21   30  404  898  441  111
2018-09-28/00:34:48      4.7     21.5    0.102   -0.059    0.067   342     0   217     0     0    0    0    0    0    0    0    0    0    0    0    0    0    6    4    3    9    6    3
2018-10-07/12:20:42      5.2      0.2    0.799    0.058    0.592    43     0   313     0     0    0    0    0    0    0    0   31   20    7   24   21   61   47   26  359  565  352   62
2018-10-07/22:55:44      3.2      2.3    0.573   -0.471    0.359    13     0   170     0     0    0    0    0    0    0    0    2    1    1    3   34   35    9   11   84   79  253  105
2018-10-10/19:27:37      5.8     23.1    0.300   -0.045    0.196  1333     0   360     0     0    0    0    0    0    0    0    9    6    3   23   17   87   42  217  719  449  220   46
2018-12-18/02:42:50      5.8     21.5    1.131   -0.405    0.671    80     0     0     0     0    0    0    0    0    0    0    0    0    0    0    0    0   10    4   14    9    3    3
2019-01-24/22:48:59      4.7     16.6    0.328   -0.154    0.234   275     0     0     0     0    0    0    0    0    0    0    0    0    0    0    0    0   62   54   39   18    4    4
2019-01-25/00:23:18      6.1     18.0    1.203   -0.795    0.532    11     0     0     0     0    0    0    0    0    0    0    0    0    0    0    0    0   15   20   14    3    1    3
2019-01-26/19:06:48      4.0     16.0    0.893   -0.317    0.767    37     0     0     0     0    0    0    0    0    0    0    0    0    0    0    0    0   27   52   32   13    4    7
2019-01-26/20:39:01      5.8     17.6    1.810   -0.778    1.017    62     0     0     0     0    0    0    0    0    0    0    0    0    0    0    0    0   40   60   50   29    4    3
2019-02-01/01:40:57      5.7     17.4    1.294   -0.579    0.744    17     0     0     0     0    0    0    0    0    0    0    0    0    0    0    0    0   44   32   17   10    4    8
2019-02-02/03:03:26      3.9     16.0    0.414   -0.103    0.385   113     0     0     0     0    0    0    0    0    0    0    0    0    0    0    0    0   66  112   87   39   13   10
2019-02-03/05:58:45      4.0     16.1    1.045   -0.055    0.982   200     0     0     0     0    0    0    0    0    0    0    1    1    0    0    0    0  213  250  123   56   21    7
2019-02-05/03:47:55      5.3     17.2    1.861   -0.294    1.286    84     0     0     0     0    0    0    0    0    0    0    0    0    1    1    0    6   21   32  168  112   21    6
2019-02-05/21:06:05      5.3     16.7    0.344   -0.151    0.220   408     0     0     0     0    0    0    0    0    0    0    0    0    0    0    0    0   29   35   26    9    3    6
2019-02-06/05:09:47      3.7     15.6    0.444   -0.297    0.331    60     0     0     0     0    0    0    0    0    0    0    0    0    0    0    0    0   53   58   73   41   17   36
2019-02-08/20:17:23      5.0     16.3    0.407   -0.146    0.287   415     0     0     0     0    0    0    0    0    0    0    0    0    0    0    0    0   22   33   47   26    4    3
2019-02-08/21:51:21      6.1     17.6    0.994   -0.414    0.545   406     0     0     0     0    0    0    0    0    0    0    0    0    0    0    0    0   14   10    4    2    1    3
2019-02-12/05:04:54      4.9     16.6    1.272   -0.114    0.973    24     0     0     0     0    0    0    0    0    0    0    0    0    0    0    0    0   44  121   95  116   28    7
2019-02-14/21:47:29      6.1     18.0    1.266   -0.704    0.621    66     0     0     0     0    0    0    0    0    0    0    0    0    0    0    0    0   91   62   56   47    9    3
2019-02-15/04:15:23      4.7     16.2    0.514   -0.117    0.404    35     0     0     0     0    0    0    0    0    0    0    0    0    0    0    0    0   49   39   22   12    4    3
2019-02-16/07:09:47      4.8     16.3    1.324   -0.026    1.060    60     0     0     0     0    0    0    0    0    0    0    0    0    0    0    0    0   36   13    3    5    3    3
2019-02-18/03:25:44      4.4     15.8    0.145    0.046    0.120   213     0     0     0     0    0    0    0    0    0    0    0    0    0    0    0    1   34   54   58   35   19   26
2019-03-15/21:45:47      6.0     16.7    0.981    0.535    0.548    65    -1   922  4441     0    0    0    0    0    0    0    0    0    0    0    0    0    7    4    4   11   15    3
2019-03-16/05:48:02      5.6     16.1    0.126    0.030    0.084    68    -1   375   774     0    0    0    0    0    0    0    0    0    0    0    0    0   34   35   13    4    6   13
2019-03-17/00:41:11      5.9     16.8    1.040    0.546    0.602    76    -1   349     0     3    0    0    0    0    0    0    0    0    0    0    0    0   34   25    5    4    3    7
2019-03-17/02:18:09      5.1     18.1    1.440   -0.351    1.007    66    -1   373     0     0    0    0    0    0    0    0    1    0    0    0    0    0    4    2    2    1    1    3
2019-03-17/07:07:39      4.6     15.0    0.912    0.222    0.748    73    -1   421     0    39    0    0    0    0    0    0    0    1    0    0    0    0   99  108  191  208  209   29
2019-03-17/08:41:45      5.7     16.2    1.125   -0.028    0.749    48    -1   433     0     3    0    0    0    0    0    0    1    0    0    0    0    0  113  108  191  208  209   29
2019-03-17/15:30:05      4.1     14.4    0.290    0.001    0.270    71    -1   325     0   154    0    0    0    0    0    0    0    0    0    1    0    2  132  142  106   79   22   17
2019-03-17/16:30:48      5.2     15.4    0.441   -0.012    0.325    77    -1   444     0     3    0    0    0    0    0    0    0    0    0    0    0    0   47  104  191  224   68   17
2019-03-17/18:03:50      5.8     16.5    1.297   -0.108    0.842    78    -1   469     0     0    0    0    0    0    0    0    0    0    0    0    0    0   36   83  191  224   52    6
2019-03-29/12:13:07      5.4     15.3    0.727    0.056    0.516    17    -1   360  4284     0    0    0    0    0    0    0    0    0    0    0    0    0   38   25    9    2    2    4
2019-03-30/06:40:47      5.8     15.9    0.639    0.147    0.414    77    -1   421  2324     0    0    0    0    0    0    0    0    0    0    0    0    0   34   52   73  108   35    7
2019-03-31/07:59:45      5.2     14.9    1.255    0.306    0.931     9    -1   894     0     0    0    0    0    0    0    0    0    0    0    0    0    0   51   43   25   11    9   13
2019-04-01/04:31:14      5.6     17.0    0.092   -0.028    0.060    78    -1   361     0     0    0    0    0    0    0    0    0    0    0    0    0    0  168  100   75   95   55   10
2019-04-03/07:09:29      5.5     15.2    1.414    0.418    0.977    35    -1   361     0     0    0    0    0    0    0    0    0    0    0    0    0    0   69   75   50   45   14    5
2019-04-03/15:00:26      5.1     14.8    0.219   -0.005    0.163    79    -1   481     0    15    0    0    0    0    0    0    0    0    0    0    0    0  132  175  146  149   49    6
2019-04-03/15:33:26      5.1     14.8    0.219   -0.005    0.163    79    -1   540     0    15    0    0    0    0    0    0    0    0    0    0    0    0  132  175  146  149   49    6
2019-04-04/03:40:29      5.3     17.3    0.080   -0.031    0.053    31    -1   445     0     0    0    0    0    0    0    0    0    0    0    0    0    0  106   83   61   32   11    4
2019-04-04/08:58:14      4.9     14.5    0.381    0.062    0.293    16    -1   910     0     0    0    0    0    0    0    0    0    0    0    0    0    0   19   37   44   17    3    3
2019-04-04/17:51:14      5.5     15.0    0.866    0.191    0.601    42    -1   349     0   134    0    0    0    0    0    0    0    0    0    0    0    0  176  167   64  141   71   19
2019-04-04/18:25:04      5.5     15.0    0.866    0.191    0.601    42    -1   399   189   114    0    0    0    0    0    0    0    0    0    0    0    0  176  167   64  141   71   19
2019-04-05/19:41:51      4.4     13.8    0.508   -0.078    0.428    45    -1   314  6931     0    0    0    0    0    0    0    0    0    0    0    0    0  132  125   78   60   30    4
2019-04-06/07:54:11      5.9     16.6    0.720   -0.075    0.460    64    -1   375     0     0    0    0    0    0    0    0    0    0    0    0    0    0    4    4   21   27   11   14
2019-04-07/09:12:16      5.9     15.6    0.191    0.026    0.123    68    -1   360     0    47    0    0    0    0    0    0    0    0    0    0    0    0   55  150  174  116   35   13
2019-04-07/16:00:59      4.4     13.9    1.240    0.121    1.081    26    -1   290     0     0    0    0    0    0    0    0    0    0    0    0    0    0   95   71   56   37    7    3
2019-04-07/20:09:36      5.2     17.3    0.540   -0.148    0.375     8    -1   343     0     0    0    0    0    0    0    0    0    0    0    0    0    0   18   20   15    5    4    9
2019-04-08/18:52:42      4.9     14.2    0.294   -0.043    0.224    15    -1   337  3247     7    0    0    0    0    0    0    0    0    0    0    0    0  124  142  151   87   13    3
2019-04-09/02:48:53      3.6     13.2    0.011   -0.004    0.011    73    -1   218  1474    39    0    0    0    0    0    0    0    0    0    0    0    0   80  121  117   70   26   19
2019-04-10/01:59:03      4.5     18.1    0.571   -0.229    0.435    56    -1   290  3631     0    0    0    0    0    0    0    0    0    0    0    0    0   22    8    4    2    8    4
2019-04-10/08:22:19      6.0     15.9    0.257    0.034    0.162    71    -1   420  1892     0    0    0    0    0    0    0    0    0    0    0    0    0   88   96   89   35    4    3
2019-05-05/06:39:26      4.7     13.1    1.129   -0.123    0.900    13    -1   338     0     0    0    0    0    0    0    0    0    0    0    0    0    0   45   64   42   14    3    3
2019-05-11/03:23:40      4.0     12.3    1.394   -0.265    1.263    65    -1   254     0     0    0    0    0    0    0    0    0    0    0    0    0    1  191  142  129  174  264  263
2019-05-11/16:02:09      5.6     15.8    0.209    0.012    0.141    63    -1   360     0     0    0    0    0    0    0    0    0    0    0    1    1    2  117   96   53   19    2    3
2019-05-11/22:19:39      5.2     13.7    0.775   -0.196    0.537    52    -1   361     0     0    0    0    0    0    0    0    0    0    0    0    0    0   17   37   30   74   49   27
2019-05-12/06:17:21      4.6     12.8    1.496   -0.138    1.214    38    -1   242     0     3    0    0    0    0    0    0    0    0    0    0    0    0   36   87   47   13   44   32
2019-05-13/10:45:26      6.0     14.6    0.615   -0.018    0.389    17    -1   421     0     0    0    0    0    0    0    0    0    0    0    0    0    0   13   10   10    2    2    5
2019-05-13/12:20:02      5.8     15.9    0.804    0.094    0.528    38    -1   421     0     0    0    0    0    0    0    0    0    1    1    0    0    0   20   18   10    3    4    8
2019-05-14/13:37:54      5.9     14.9    1.050    0.075    0.683    29    -1   360     0     0    0    0    0    0    0    0    0    0    0    0    0    0   11   24   33   33   11    3
2019-07-07/06:19:52      5.1     15.2    1.083    0.362    0.788     1    -1   325     0     0    0    0    0    0    0    0    0    0    0    0    0    0   21   14    7    6   10   18
2019-09-30/07:36:54      4.4      8.8    0.607   -0.206    0.488    82    -1   278  5247    15    0    0    0    0    0    0    0    0    0    1    1    2   29   50   84  266  176   69
2019-10-02/03:51:29      4.9      9.1    1.075   -0.259    0.793    47    -1   302     0    71    0    0    0    0    0    0    0    0    0    0    0    1   58  104   73  141   85   13
2019-10-03/05:10:29      3.6      7.8    0.843   -0.686    0.476     2    -1   146     0     3    0    0    0    0    0    0    0    0    0    0    0    1    8   28   25   26   26   29
2019-10-03/06:43:57      5.3      9.5    1.067   -0.324    0.715     4    -1   290     0     0    0    0    0    0    0    0    0    0    0    0    0    0   10   13   11    6    6    3
2019-10-03/22:33:32      3.5      7.5    0.762   -0.444    0.638    19    -1  2389     0   221    0    0    0    0    0    0    0    0    0    1    2    3   13   52   89   66   41   59
2019-10-04/08:02:54      4.4      8.6    0.424   -0.157    0.339    36    -1   182     0     0    0    0    0    0    0    0    0    0    0    0    0    0   29   41   37   28   17   16
2019-10-07/05:36:20      3.6      7.7    0.728   -0.399    0.611     5    -1   182  1255    43    0    0    0    0    0    0    0    0    0    0    0    3   33   48   61   41   77  125
2019-10-07/07:09:59      5.3      9.4    0.777   -0.437    0.448     8    -1   361  2383     0    0    0    0    0    0    0    0    0    0    0    0    0   17   39   20    5    6   15
2019-10-08/08:28:51      4.4      8.5    0.292   -0.096    0.238    13    -1   194  2443     0    0    0    0    0    0    0    0    0    0    0    0    0   62   71   44   19   26   55
